

Instance: /TSP/tsp225.tsp
Sol: 200 143 156 155 154 153 152 151 150 213 211 124 125 126 166 165 164 163 212 157 162 161 160 159 158 140 141 139 138 137 136 135 182 134 133 214 131 128 127 221 129 210 130 85 84 81 82 83 209 86 87 88 89 90 91 92 93 220 80 79 94 208 95 96 77 78 76 216 218 215 30 31 205 201 29 28 27 203 25 33 34 32 36 35 24 207 23 22 12 13 14 21 20 19 202 18 17 16 15 11 10 37 38 9 8 39 40 41 7 6 5 4 3 2 0 199 197 196 194 42 43 45 193 217 192 44 47 195 191 223 198 132 190 204 188 26 46 224 189 1 206 48 50 49 51 52 53 54 55 56 57 58 59 60 61 62 63 64 65 66 67 68 69 70 71 72 73 75 74 97 98 99 100 101 102 103 219 104 105 106 107 108 109 110 111 112 113 114 222 115 116 187 186 117 118 185 184 183 119 174 120 121 181 180 179 178 177 176 175 173 172 171 170 169 122 123 168 167 149 148 147 146 145 144 142 
FO: 3998.00000
Best time: 8.810
Total time:10.030 


Instance: /TSP/tsp225.tsp
Sol: 200 143 156 155 154 153 152 151 150 213 211 124 125 126 166 165 164 163 212 157 162 161 160 159 158 140 141 139 138 137 136 135 182 134 133 214 131 128 127 221 129 210 130 85 84 81 82 83 209 86 87 88 89 90 91 92 93 220 80 79 94 208 95 96 77 78 76 216 218 215 30 31 205 201 29 28 27 203 25 33 34 32 36 35 24 207 23 22 12 13 14 21 20 19 202 18 17 16 15 11 10 37 38 9 8 39 40 41 7 6 5 4 3 2 0 199 197 196 194 42 43 45 193 217 192 44 47 195 191 223 198 132 190 204 188 26 46 224 189 1 206 48 50 49 51 52 53 54 55 56 57 58 59 60 61 62 63 64 65 66 67 68 69 70 71 72 73 75 74 97 98 99 100 101 102 103 219 104 105 106 107 108 109 110 111 112 113 114 222 115 116 187 186 117 118 185 184 183 119 174 120 121 181 180 179 178 177 176 175 173 172 171 170 169 122 123 168 167 149 148 147 146 145 144 142 
FO: 3998.00000
Best time: 8.943
Total time:10.175 
